
 function [tabwy]=rlcmwy_13_34_28
%Symulacja stanu nieustalonego w obwodzie RLCM
% Data:  2017- 6-22  godz. 13, 34min, 30s
%Przeczytano dane z pliku: C:\rr\rlcmDAT.m


 % Wyniki symulacji programu rlcman();
%      t[s]           i1[A]      i2[A]     uc[V]
 tabwy=[
   0.0000        0.000000     0.000000    10.000000
   0.0100        0.122864    -0.048285    10.008626
   0.0200       -0.116978     0.046911    10.001250
   0.0300        0.004180    -0.000930    10.007486
   0.0400       -0.237816     0.094891     9.997726
   0.0500       -0.120017     0.048156    10.001575
   0.0600       -0.357735     0.142036     9.989473
   0.0700       -0.233566     0.092523     9.990976
   0.0800       -0.455930     0.180043     9.976638
   0.0900       -0.351411     0.138169     9.975857
   0.1000       -0.587617     0.230984     9.959021
   0.1100       -0.466844     0.182375     9.955810
   0.1200       -0.707760     0.276850     9.936641
   0.1300       -0.591002     0.229627     9.931107
   0.1400       -0.820903     0.319479     9.909640
   0.1500       -0.698285     0.269691     9.901769
   0.1600       -0.939017     0.363658     9.877968
   0.1700       -0.821879     0.315849     9.867810
   0.1800       -1.048014     0.403765     9.841726
   0.1900       -0.936733     0.358086     9.829257
   0.2000       -1.165543     0.446865     9.800910
   0.2100       -1.040448     0.395453     9.786162
   0.2200       -1.281282     0.488833     9.755517
   0.2300       -1.157407     0.437711     9.738581
   0.2400       -1.390957     0.527976     9.705692
   0.2500       -1.264230     0.475509     9.686459
   0.2600       -1.504635     0.568319     9.651344
   0.2700       -1.379099     0.516138     9.629954
   0.2800       -1.608663     0.604417     9.592628
   0.2900       -1.495358     0.556929     9.568962
   0.3000       -1.721965     0.643841     9.529498
   0.3100       -1.592674     0.589770     9.503649
   0.3200       -1.832987     0.681975     9.461987
   0.3300       -1.703822     0.627779     9.434060
   0.3400       -1.939499     0.717937     9.390142
   0.3500       -1.804120     0.661077     9.360092
   0.3600       -2.046324     0.753685     9.314221
   0.3700       -1.914157     0.697932     9.282045
   0.3800       -2.148871     0.787358     9.233957
   0.3900       -2.015696     0.731036     9.199745
   0.4000       -2.254196     0.821814     9.149659
   0.4100       -2.119795     0.764829     9.113333
   0.4200       -2.354456     0.853903     9.061152
   0.4300       -2.220498     0.796935     9.022833
   0.4400       -2.456657     0.886450     8.968657
   0.4500       -2.320380     0.828393     8.928291
   0.4600       -2.555215     0.917221     8.872119
   0.4700       -2.418839     0.858971     8.829792
   0.4800       -2.653756     0.947681     8.771662
   0.4900       -2.515573     0.888557     8.727367
   0.5000       -2.750145     0.976982     8.667311
   0.5100       -2.611059     0.917352     8.621095
   0.5200       -2.845288     1.005496     8.559139
   0.5300       -2.704833     0.945177     8.511026
   0.5400       -2.938822     1.033088     8.447203
   0.5500       -2.797111     0.972129     8.397227
   0.5600       -3.030748     1.059766     8.331567
   0.5700       -2.887748     0.998159     8.279760
   0.5800       -3.121065     1.085538     8.212297
   0.5900       -2.976737     1.023273     8.158690
   0.6000       -3.209699     1.110386     8.089456
   0.6100       -3.064044     1.047466     8.034085
   0.6200       -3.296631     1.134310     7.963114
   0.6300       -3.149629     1.070733     7.906012
   0.6400       -3.381820     1.157303     7.833339
   0.6500       -3.233464     1.093070     7.774542
   0.6600       -3.465232     1.179361     7.700201
   0.6700       -3.315513     1.114474     7.639744
   0.6800       -3.546832     1.200479     7.563772
   0.6900       -3.395746     1.134941     7.501692
   0.7000       -3.626588     1.220654     7.424124
   0.7100       -3.474132     1.154468     7.360458
   0.7200       -3.704468     1.239883     7.281333
   0.7300       -3.550641     1.173053     7.216118
   0.7400       -3.780440     1.258161     7.135472
   0.7500       -3.625244     1.190694     7.068747
   0.7600       -3.854476     1.275488     6.986619
   0.7700       -3.697913     1.207389     6.918424
   0.7800       -3.926545     1.291860     6.834852
   0.7900       -3.768621     1.223136     6.765224
   0.8000       -3.996620     1.307277     6.680248
   0.8100       -3.837340     1.237934     6.609230
   0.8200       -4.064675     1.321737     6.522889
   0.8300       -3.904046     1.251783     6.450520
   0.8400       -4.130684     1.335239     6.362855
   0.8500       -3.968715     1.264683     6.289176
   0.8600       -4.194622     1.347783     6.200228
   0.8700       -4.031321     1.276633     6.125280
   0.8800       -4.256465     1.359369     6.035091
   0.8900       -4.091844     1.287635     5.958917
   0.9000       -4.316191     1.369998     5.867528
   0.9100       -4.150260     1.297688     5.790170
   0.9200       -4.373779     1.379671     5.697623
   0.9300       -4.206550     1.306794     5.619123
   0.9400       -4.429209     1.388388     5.525461
   0.9500       -4.260694     1.314954     5.445865
   0.9600       -4.482460     1.396153     5.351130
   0.9700       -4.312672     1.322172     5.270479
   0.9800       -4.533516     1.402966     5.174716
   0.9900       -4.362467     1.328448     5.093055
   1.0000       -4.582358     1.408832     4.996307
   1.0100       -4.410063     1.333787     4.913681
   1.0200       -4.628972     1.413751     4.815992
   1.0300       -4.455443     1.338190     4.732444
   1.0400       -4.673341     1.417729     4.633859
   1.0500       -4.498594     1.341662     4.549435
   1.0600       -4.715452     1.420769     4.449998
   1.0700       -4.539501     1.344206     4.364743
   1.0800       -4.755292     1.422875     4.264499
   1.0900       -4.578153     1.345827     4.178458
   1.1000       -4.792850     1.424051     4.077452
   1.1100       -4.614537     1.346529     3.990672
   1.1200       -4.828115     1.424303     3.888950
   1.1300       -4.648644     1.346318     3.801476
   1.1400       -4.861076     1.423636     3.699083
   1.1500       -4.680464     1.345199     3.610962
   1.1600       -4.891726     1.422056     3.507944
   1.1700       -4.709989     1.343178     3.419221
   1.1800       -4.920058     1.419568     3.315624
   1.1900       -4.737213     1.340261     3.226346
   1.2000       -4.946063     1.416180     3.122216
   1.2100       -4.762129     1.336454     3.032430
   1.2200       -4.969738     1.411897     2.927813
   1.2300       -4.784732     1.331765     2.837565
   1.2400       -4.991078     1.406727     2.732507
   1.2500       -4.805018     1.326201     2.641844
   1.2600       -5.010080     1.400678     2.536393
   1.2700       -4.822986     1.319770     2.445361
   1.2800       -5.026741     1.393758     2.339562
   1.2900       -4.838632     1.312479     2.248208
   1.3000       -5.041061     1.385974     2.142108
   1.3100       -4.851958     1.304337     2.050480
   1.3200       -5.053040     1.377335     1.944124
   1.3300       -4.862962     1.295352     1.852268
   1.3400       -5.062678     1.367850     1.745705
   1.3500       -4.871647     1.285535     1.653667
   1.3600       -5.069979     1.357529     1.546942
   1.3700       -4.878015     1.274893     1.454770
   1.3800       -5.074944     1.346380     1.347928
   1.3900       -4.882070     1.263437     1.255669
   1.4000       -5.077580     1.334415     1.148758
   1.4100       -4.883816     1.251177     1.056457
   1.4200       -5.077890     1.321643     0.949523
   1.4300       -4.883259     1.238123     0.857228
   1.4400       -5.075883     1.308075     0.750316
   1.4500       -4.880405     1.224285     0.658072
   1.4600       -5.071565     1.293721     0.551229
   1.4700       -4.875262     1.209674     0.459084
