
 function [tabwy]=mrswy2019_2_2_h13_20
% Analiza macierzowego rownania stanu
% Data:  2019- 2- 2  godz. 13, 20min, 16s
%Przeczytano dane z pliku: C:\jg\mrsDAT.m


 % Wyniki symulacji programu mrs();
%  t[s]           u         y        x1      x2     x3...
 tabwy=[
        0         1         0        0        0        0
     0.01         1  4.97e-05  0.00995 0.000199 3.32e-07
     0.02         1  0.000197   0.0198 0.000794 2.65e-06
     0.03         1  0.000441   0.0295  0.00178 8.93e-06
     0.04         1  0.000778   0.0391  0.00315 2.11e-05
     0.05         1   0.00121   0.0486  0.00491  4.1e-05
     0.06         1   0.00172   0.0579  0.00704 7.07e-05
     0.07         1   0.00233   0.0671  0.00954 0.000112
     0.08         1   0.00302   0.0761   0.0124 0.000167
     0.09         1   0.00379   0.0849   0.0156 0.000237
      0.1         1   0.00464   0.0936   0.0192 0.000323
     0.11         1   0.00556    0.102   0.0231 0.000429
     0.12         1   0.00656     0.11   0.0274 0.000555
     0.13         1   0.00763    0.118   0.0319 0.000703
     0.14         1   0.00877    0.126   0.0368 0.000875
     0.15         1   0.00997    0.134    0.042  0.00107
     0.16         1    0.0112    0.142   0.0476   0.0013
     0.17         1    0.0126    0.149   0.0534  0.00155
     0.18         1    0.0139    0.156   0.0595  0.00183
     0.19         1    0.0154    0.163   0.0658  0.00214
      0.2         1    0.0169    0.169   0.0725  0.00249
     0.21         1    0.0184    0.176   0.0794  0.00287
     0.22         1      0.02    0.182   0.0865  0.00328
     0.23         1    0.0216    0.188   0.0939  0.00373
     0.24         1    0.0233    0.193    0.102  0.00422
     0.25         1     0.025    0.199    0.109  0.00475
     0.26         1    0.0267    0.204    0.117  0.00532
     0.27         1    0.0285    0.209    0.126  0.00592
     0.28         1    0.0302    0.213    0.134  0.00657
     0.29         1     0.032    0.217    0.143  0.00726
      0.3         1    0.0339    0.222    0.151    0.008
     0.31         1    0.0357    0.225     0.16  0.00878
     0.32         1    0.0376    0.229     0.17   0.0096
     0.33         1    0.0394    0.232    0.179   0.0105
     0.34         1    0.0413    0.235    0.188   0.0114
     0.35         1    0.0432    0.238    0.198   0.0124
     0.36         1    0.0451     0.24    0.207   0.0134
     0.37         1     0.047    0.242    0.217   0.0144
     0.38         1    0.0488    0.244    0.226   0.0155
     0.39         1    0.0507    0.246    0.236   0.0167
      0.4         1    0.0526    0.247    0.246   0.0179
     0.41         1    0.0544    0.248    0.256   0.0192
     0.42         1    0.0563    0.249    0.266   0.0205
     0.43         1    0.0581    0.249    0.276   0.0218
     0.44         1    0.0599     0.25    0.286   0.0232
     0.45         1    0.0616     0.25    0.296   0.0247
     0.46         1    0.0634    0.249    0.306   0.0262
     0.47         1    0.0651    0.249    0.316   0.0277
     0.48         1    0.0668    0.248    0.326   0.0293
     0.49         1    0.0684    0.247    0.336    0.031
      0.5         1    0.0701    0.246    0.346   0.0327
     0.51         1    0.0716    0.244    0.355   0.0344
     0.52         1    0.0732    0.242    0.365   0.0362
     0.53         1    0.0747     0.24    0.375   0.0381
     0.54         1    0.0761    0.238    0.384     0.04
     0.55         1    0.0775    0.236    0.394   0.0419
     0.56         1    0.0788    0.233    0.403   0.0439
     0.57         1    0.0801     0.23    0.412    0.046
     0.58         1    0.0814    0.227    0.422   0.0481
     0.59         1    0.0826    0.223    0.431   0.0502
      0.6         1    0.0837     0.22    0.439   0.0524
     0.61         1    0.0848    0.216    0.448   0.0546
     0.62         1    0.0858    0.212    0.457   0.0568
     0.63         1    0.0867    0.208    0.465   0.0591
     0.64         1    0.0876    0.203    0.473   0.0615
     0.65         1    0.0884    0.199    0.481   0.0639
     0.66         1    0.0892    0.194    0.489   0.0663
     0.67         1    0.0898    0.189    0.497   0.0688
     0.68         1    0.0905    0.184    0.504   0.0713
     0.69         1     0.091    0.179    0.512   0.0738
      0.7         1    0.0915    0.173    0.519   0.0764
     0.71         1    0.0919    0.168    0.526    0.079
     0.72         1    0.0922    0.162    0.532   0.0817
     0.73         1    0.0925    0.156    0.539   0.0843
     0.74         1    0.0926     0.15    0.545    0.087
     0.75         1    0.0928    0.144    0.551   0.0898
     0.76         1    0.0928    0.138    0.556   0.0925
     0.77         1    0.0927    0.132    0.562   0.0953
     0.78         1    0.0926    0.126    0.567   0.0982
     0.79         1    0.0924    0.119    0.572    0.101
      0.8         1    0.0921    0.113    0.576    0.104
     0.81         1    0.0918    0.106    0.581    0.107
     0.82         1    0.0914   0.0993    0.585     0.11
     0.83         1    0.0909   0.0926    0.589    0.113
     0.84         1    0.0903   0.0858    0.592    0.116
     0.85         1    0.0896   0.0789    0.595    0.119
     0.86         1    0.0889   0.0721    0.598    0.122
     0.87         1     0.088   0.0652    0.601    0.125
     0.88         1    0.0872   0.0582    0.604    0.128
     0.89         1    0.0862   0.0513    0.606    0.131
      0.9         1    0.0851   0.0443    0.608    0.134
     0.91         1     0.084   0.0373    0.609    0.137
     0.92         1    0.0828   0.0303    0.611     0.14
     0.93         1    0.0816   0.0234    0.612    0.143
     0.94         1    0.0802   0.0164    0.613    0.146
     0.95         1    0.0788  0.00951    0.613    0.149
     0.96         1    0.0774  0.00261    0.613    0.152
     0.97         1    0.0758 -0.00425    0.613    0.155
     0.98         1    0.0742  -0.0111    0.613    0.158
     0.99         1    0.0725  -0.0179    0.612    0.161
        1         1    0.0708  -0.0246    0.612    0.164
     1.01         1     0.069  -0.0312     0.61    0.167
     1.02         1    0.0671  -0.0378    0.609     0.17
     1.03         1    0.0652  -0.0444    0.607    0.173
     1.04         1    0.0632  -0.0508    0.606    0.176
     1.05         1    0.0611  -0.0571    0.603    0.179
     1.06         1     0.059  -0.0634    0.601    0.182
     1.07         1    0.0569  -0.0696    0.598    0.185
     1.08         1    0.0547  -0.0756    0.595    0.188
     1.09         1    0.0524  -0.0816    0.592    0.191
      1.1         1    0.0501  -0.0874    0.589    0.194
     1.11         1    0.0477  -0.0932    0.585    0.197
     1.12         1    0.0453  -0.0988    0.581      0.2
     1.13         1    0.0428   -0.104    0.577    0.203
     1.14         1    0.0403    -0.11    0.573    0.206
     1.15         1    0.0378   -0.115    0.569    0.209
     1.16         1    0.0352    -0.12    0.564    0.212
     1.17         1    0.0325   -0.125    0.559    0.214
     1.18         1    0.0299    -0.13    0.554    0.217
     1.19         1    0.0272   -0.134    0.549     0.22
      1.2         1    0.0244   -0.139    0.543    0.223
     1.21         1    0.0217   -0.143    0.538    0.225
     1.22         1    0.0189   -0.147    0.532    0.228
     1.23         1    0.0161   -0.151    0.526    0.231
     1.24         1    0.0132   -0.155     0.52    0.233
     1.25         1    0.0104   -0.159    0.513    0.236
     1.26         1   0.00749   -0.162    0.507    0.238
     1.27         1   0.00459   -0.166      0.5    0.241
     1.28         1   0.00168   -0.169    0.494    0.243
     1.29         1  -0.00126   -0.172    0.487    0.246
      1.3         1   -0.0042   -0.175     0.48    0.248
     1.31         1  -0.00715   -0.177    0.473    0.251
     1.32         1   -0.0101    -0.18    0.466    0.253
     1.33         1   -0.0131   -0.182    0.458    0.255
     1.34         1    -0.016   -0.184    0.451    0.258
